-1.805627e-02 6.085049e+02 
3.612321e+02 4.344146e+02 
3.153091e+02 4.545385e+02 
3.071202e+02 4.360966e+02 
3.529578e+02 4.156769e+02 
3.251238e+02 4.501066e+02 
3.828623e+02 4.985792e+02 
3.647097e+02 5.069095e+02 
3.467669e+02 4.668970e+02 
3.655150e+02 4.578891e+02 
3.734919e+02 5.029548e+02 
2.983333e+02 4.341078e+02 
3.210357e+02 4.796856e+02 
3.428499e+02 5.258838e+02 
1.234402e+02 1.469065e+03 
-1.024383e+02 1.214523e+03 
-2.155734e+02 1.024114e+03 
3.916026e+01 1.117124e+03 
-1.496979e+02 1.101498e+03 
8.240867e+01 1.524058e+03 
-1.491073e+02 1.716550e+03 
-1.361871e+02 1.717057e+03 
1.589004e+02 1.428839e+03 
8.004297e+01 1.499285e+03 
2.841631e+01 1.548201e+03 
-1.321409e+00 1.569314e+03 
-2.491148e+01 1.604087e+03 
-3.134731e+02 8.676161e+02 
3.444979e+02 4.016527e+02 
2.852214e+02 4.378032e+02 
3.837649e+02 4.464541e+02 
3.842678e+02 3.245182e+02 
2.689578e+02 5.089823e+02 
2.726430e+02 5.947007e+02 
3.732863e+02 7.933514e+02 
1.917075e+02 1.392119e+03 
2.169058e+02 9.921210e+02 
1.465914e+02 1.042048e+03 
-2.907758e+01 1.163877e+03 
-1.409147e+02 1.149767e+03 
-1.807823e+02 1.082669e+03 
-1.891961e+02 7.600048e+02 
-2.597209e+02 8.210719e+02 
-7.154176e+01 6.566852e+02 
1.387761e+02 4.785670e+02 
8.395704e+01 5.240817e+02 
2.429822e+02 3.994745e+02 
-8.750245e+01 1.660765e+03 
9.500539e+01 1.078677e+03 
1.546172e+02 7.692096e+02 
8.568718e+01 1.085673e+03 
3.063678e+02 6.618266e+02 
3.084363e+02 6.655905e+02 
3.061597e+02 6.644602e+02 
4.018092e+02 8.574838e+02 
4.029335e+02 8.523347e+02 
4.064335e+02 8.597441e+02 
2.628428e+02 9.662565e+02 
2.635267e+02 9.590160e+02 
2.565614e+02 9.639635e+02 
-5.378145e+01 1.180726e+03 
2.577418e+02 9.578871e+02 
1.951283e+02 4.397491e+02 
-1.529210e+02 9.806879e+02 
-8.688357e+01 9.349164e+02 
3.726111e+01 8.503209e+02 
8.967104e+01 8.143076e+02 
-2.272256e+02 1.034303e+03 
2.038491e+02 7.360651e+02 
2.405485e+02 7.109211e+02 
-5.496944e+01 1.181617e+03 
3.916026e+01 1.117124e+03 
-1.126997e+02 1.222417e+03 
3.020265e+02 9.298418e+02 
3.577643e+02 8.889031e+02 
1.768745e+02 8.207218e+02 
2.189912e+02 8.927020e+02 
1.131256e+02 7.114993e+02 
1.494875e+02 7.730078e+02 
2.938060e+01 5.707430e+02 
7.411378e+01 6.445048e+02 
3.414278e+02 1.102590e+03 
3.028016e+02 1.036651e+03 
2.600503e+02 9.615735e+02 
-9.977092e+01 7.607542e+02 
-1.315748e+02 7.101114e+02 
-6.193389e+01 8.248547e+02 
-2.330891e+01 8.924854e+02 
1.878721e+01 9.619375e+02 
9.008361e+01 1.082381e+03 
4.277430e+01 1.002310e+03 
1.326581e+02 1.154613e+03 
2.001195e+02 1.268629e+03 
2.414751e+02 1.336417e+03 
2.782486e+02 1.295194e+03 
3.403769e+02 1.223085e+03 
3.338913e+02 1.230317e+03 
4.537895e+02 1.065925e+03 
4.169280e+02 1.122797e+03 
3.834364e+02 1.169153e+03 
4.596430e+02 1.056158e+03 
4.617715e+02 1.052172e+03 
4.642990e+02 1.047018e+03 
4.680347e+02 1.037669e+03 
4.720251e+02 1.024430e+03 
4.736096e+02 1.013354e+03 
4.738305e+02 1.004537e+03 
4.729092e+02 9.950938e+02 
4.717998e+02 9.887541e+02 
4.705353e+02 9.830029e+02 
4.683280e+02 9.753821e+02 
4.664759e+02 9.701244e+02 
4.637476e+02 9.634907e+02 
4.629824e+02 9.616116e+02 
4.586683e+02 9.524535e+02 
4.615406e+02 9.585463e+02 
4.555076e+02 9.462469e+02 
4.466247e+02 9.303793e+02 
4.456267e+02 9.286521e+02 
4.044064e+02 8.557385e+02 
3.332442e+02 7.136861e+02 
2.292132e+02 5.082568e+02 
3.072883e+02 6.636588e+02 
2.363931e+02 5.225480e+02 
3.419122e+02 3.467290e+02 
1.922385e+02 4.346597e+02 
9.858861e+01 5.115722e+02 
-9.778332e+01 6.786411e+02 
-3.162920e+02 8.689546e+02 
3.596548e+02 4.026636e+02 
3.062338e+02 4.271840e+02 
2.880123e+02 4.431529e+02 
2.459565e+02 4.624971e+02 
2.905456e+02 5.526106e+02 
3.549403e+02 5.197058e+02 
3.727731e+02 5.197556e+02 
3.900911e+02 5.029054e+02 
3.868320e+02 4.799788e+02 
3.453683e+02 3.517842e+02 
1.527541e+02 7.706221e+02 
1.474855e+02 7.743524e+02 
-3.373100e+01 8.994433e+02 
-1.355209e+01 8.856889e+02 
2.223074e+02 8.977811e+02 
-1.531342e+01 6.066455e+02 
3.302189e+02 5.081192e+02 
3.109801e+02 5.177190e+02 
2.788909e+02 4.527790e+02 
2.981298e+02 4.431792e+02 
1.145703e+02 1.123921e+03 
9.912586e+01 1.134382e+03 
1.790164e+01 1.190075e+03 
1.537161e+00 1.201846e+03 
-2.487318e+00 1.205756e+03 
-4.150252e+00 1.207997e+03 
-5.081347e+00 1.210521e+03 
-5.313691e+00 1.214830e+03 
-4.137944e+00 1.218437e+03 
-2.585373e+00 1.220610e+03 
8.633126e-01 1.223400e+03 
3.934826e+00 1.224643e+03 
1.433565e+01 1.227290e+03 
1.731848e+01 1.228685e+03 
1.955845e+01 1.230383e+03 
2.092250e+01 1.232338e+03 
2.161015e+01 1.233999e+03 
2.185444e+01 1.236998e+03 
2.158865e+01 1.239618e+03 
2.048024e+01 1.242892e+03 
1.822983e+01 1.246575e+03 
1.642279e+01 1.249062e+03 
1.487076e+01 1.251445e+03 
1.380660e+01 1.253846e+03 
1.345202e+01 1.255782e+03 
1.354104e+01 1.258364e+03 
1.380726e+01 1.259284e+03 
1.470565e+01 1.261439e+03 
1.615841e+01 1.263422e+03 
1.856472e+01 1.265197e+03 
2.108185e+01 1.266554e+03 
2.484079e+01 1.267531e+03 
3.048467e+01 1.268403e+03 
3.397753e+01 1.269608e+03 
3.680517e+01 1.271297e+03 
3.887890e+01 1.273632e+03 
4.002124e+01 1.275862e+03 
4.107490e+01 1.278377e+03 
4.174055e+01 1.281348e+03 
4.260734e+01 1.296922e+03 
4.415211e+01 1.324930e+03 
4.478465e+01 1.329021e+03 
4.551677e+01 1.331526e+03 
4.657044e+01 1.333956e+03 
4.765729e+01 1.335721e+03 
4.915438e+01 1.337382e+03 
5.072899e+01 1.338302e+03 
5.205961e+01 1.338777e+03 
5.486489e+01 1.338976e+03 
5.688285e+01 1.338624e+03 
5.869007e+01 1.337722e+03 
5.988745e+01 1.336773e+03 
6.124001e+01 1.335444e+03 
6.282528e+01 1.332976e+03 
6.400019e+01 1.329797e+03 
6.476473e+01 1.325639e+03 
7.358454e+01 1.276086e+03 
8.032169e+01 1.240285e+03 
8.251618e+01 1.232511e+03 
8.426751e+01 1.227747e+03 
8.485505e+01 1.226636e+03 
8.654014e+01 1.224311e+03 
8.822533e+01 1.222744e+03 
8.922316e+01 1.221994e+03 
9.014339e+01 1.221377e+03 
9.165127e+01 1.220722e+03 
9.348073e+01 1.220219e+03 
9.587573e+01 1.220266e+03 
9.743918e+01 1.220627e+03 
9.872545e+01 1.221196e+03 
9.991195e+01 1.221946e+03 
1.010763e+02 1.223009e+03 
1.019746e+02 1.224366e+03 
1.026400e+02 1.225789e+03 
1.029728e+02 1.227137e+03 
1.029510e+02 1.229671e+03 
1.024744e+02 1.231740e+03 
1.019867e+02 1.233306e+03 
9.993597e+01 1.237520e+03 
9.913782e+01 1.239001e+03 
9.857248e+01 1.240245e+03 
9.822887e+01 1.241251e+03 
9.800722e+01 1.242181e+03 
9.798522e+01 1.243642e+03 
9.818495e+01 1.244848e+03 
9.865077e+01 1.245873e+03 
9.941595e+01 1.246793e+03 
1.007467e+02 1.248482e+03 
1.058472e+02 1.249099e+03 
1.115685e+02 1.248073e+03 
1.225895e+02 1.243972e+03 
1.291201e+02 1.242538e+03 
1.391325e+02 1.242536e+03 
1.485245e+02 1.246019e+03 
1.582715e+02 1.251864e+03 
1.617757e+02 1.254844e+03 
1.642486e+02 1.257406e+03 
1.666440e+02 1.260481e+03 
1.684627e+02 1.263479e+03 
1.699156e+02 1.266535e+03 
1.708584e+02 1.269155e+03 
1.717569e+02 1.272230e+03 
1.723894e+02 1.276055e+03 
1.724124e+02 1.282537e+03 
1.713935e+02 1.291876e+03 
1.694879e+02 1.304727e+03 
1.696442e+02 1.312775e+03 
1.702212e+02 1.316391e+03 
1.716521e+02 1.320804e+03 
1.741032e+02 1.326138e+03 
1.779848e+02 1.331889e+03 
1.814114e+02 1.335429e+03 
1.855477e+02 1.338807e+03 
1.895286e+02 1.341426e+03 
1.940194e+02 1.343219e+03 
1.991755e+02 1.344196e+03 
2.038657e+02 1.344300e+03 
2.085115e+02 1.343834e+03 
2.230142e+02 1.341165e+03 
2.248991e+02 1.340909e+03 
2.269392e+02 1.340187e+03 
2.326605e+02 1.339370e+03 
2.371510e+02 1.338544e+03 
1.145703e+02 1.123921e+03 
9.912586e+01 1.134382e+03 
1.790164e+01 1.190075e+03 
1.537161e+00 1.201846e+03 
-2.487318e+00 1.205756e+03 
-4.150252e+00 1.207997e+03 
-5.081347e+00 1.210521e+03 
-5.313691e+00 1.214830e+03 
-4.137944e+00 1.218437e+03 
-2.585373e+00 1.220610e+03 
8.633126e-01 1.223400e+03 
3.934826e+00 1.224643e+03 
1.433565e+01 1.227290e+03 
1.731848e+01 1.228685e+03 
1.955845e+01 1.230383e+03 
2.092250e+01 1.232338e+03 
2.161015e+01 1.233999e+03 
2.185444e+01 1.236998e+03 
2.158865e+01 1.239618e+03 
2.048024e+01 1.242892e+03 
1.822983e+01 1.246575e+03 
1.642279e+01 1.249062e+03 
1.487076e+01 1.251445e+03 
1.380660e+01 1.253846e+03 
1.345202e+01 1.255782e+03 
1.354104e+01 1.258364e+03 
1.380726e+01 1.259284e+03 
1.470565e+01 1.261439e+03 
1.615841e+01 1.263422e+03 
1.856472e+01 1.265197e+03 
2.108185e+01 1.266554e+03 
2.484079e+01 1.267531e+03 
3.048467e+01 1.268403e+03 
3.397753e+01 1.269608e+03 
3.680517e+01 1.271297e+03 
3.887890e+01 1.273632e+03 
4.002124e+01 1.275862e+03 
4.107490e+01 1.278377e+03 
4.174055e+01 1.281348e+03 
4.260734e+01 1.296922e+03 
4.415211e+01 1.324930e+03 
4.478465e+01 1.329021e+03 
4.551677e+01 1.331526e+03 
4.657044e+01 1.333956e+03 
4.765729e+01 1.335721e+03 
4.915438e+01 1.337382e+03 
5.072899e+01 1.338302e+03 
5.205961e+01 1.338777e+03 
5.486489e+01 1.338976e+03 
5.688285e+01 1.338624e+03 
5.869007e+01 1.337722e+03 
5.988745e+01 1.336773e+03 
6.124001e+01 1.335444e+03 
6.282528e+01 1.332976e+03 
6.400019e+01 1.329797e+03 
6.476473e+01 1.325639e+03 
7.358454e+01 1.276086e+03 
8.032169e+01 1.240285e+03 
8.251618e+01 1.232511e+03 
8.426751e+01 1.227747e+03 
8.485505e+01 1.226636e+03 
8.654014e+01 1.224311e+03 
8.822533e+01 1.222744e+03 
8.922316e+01 1.221994e+03 
9.014339e+01 1.221377e+03 
9.165127e+01 1.220722e+03 
9.348073e+01 1.220219e+03 
9.587573e+01 1.220266e+03 
9.743918e+01 1.220627e+03 
9.872545e+01 1.221196e+03 
9.991195e+01 1.221946e+03 
1.010763e+02 1.223009e+03 
1.019746e+02 1.224366e+03 
1.026400e+02 1.225789e+03 
1.029728e+02 1.227137e+03 
1.029510e+02 1.229671e+03 
1.024744e+02 1.231740e+03 
1.019867e+02 1.233306e+03 
9.993597e+01 1.237520e+03 
9.913782e+01 1.239001e+03 
9.857248e+01 1.240245e+03 
9.822887e+01 1.241251e+03 
9.800722e+01 1.242181e+03 
9.798522e+01 1.243642e+03 
9.818495e+01 1.244848e+03 
9.865077e+01 1.245873e+03 
9.941595e+01 1.246793e+03 
1.007467e+02 1.248482e+03 
1.058472e+02 1.249099e+03 
1.115685e+02 1.248073e+03 
1.225895e+02 1.243972e+03 
1.291201e+02 1.242538e+03 
1.391325e+02 1.242536e+03 
1.485245e+02 1.246019e+03 
1.582715e+02 1.251864e+03 
1.617757e+02 1.254844e+03 
1.642486e+02 1.257406e+03 
1.666440e+02 1.260481e+03 
1.684627e+02 1.263479e+03 
1.699156e+02 1.266535e+03 
1.708584e+02 1.269155e+03 
1.717569e+02 1.272230e+03 
1.723894e+02 1.276055e+03 
1.724124e+02 1.282537e+03 
1.713935e+02 1.291876e+03 
1.694879e+02 1.304727e+03 
1.696442e+02 1.312775e+03 
1.702212e+02 1.316391e+03 
1.716521e+02 1.320804e+03 
1.741032e+02 1.326138e+03 
1.779848e+02 1.331889e+03 
1.814114e+02 1.335429e+03 
1.855477e+02 1.338807e+03 
1.895286e+02 1.341426e+03 
1.940194e+02 1.343219e+03 
1.991755e+02 1.344196e+03 
2.038657e+02 1.344300e+03 
2.085115e+02 1.343834e+03 
2.230142e+02 1.341165e+03 
2.248991e+02 1.340909e+03 
2.269392e+02 1.340187e+03 
2.326605e+02 1.339370e+03 
2.371510e+02 1.338544e+03 
1.145703e+02 1.123921e+03 
9.912586e+01 1.134382e+03 
1.790164e+01 1.190075e+03 
1.537161e+00 1.201846e+03 
-2.487318e+00 1.205756e+03 
-4.150252e+00 1.207997e+03 
-5.081347e+00 1.210521e+03 
-5.313691e+00 1.214830e+03 
-4.137944e+00 1.218437e+03 
-2.585373e+00 1.220610e+03 
8.633126e-01 1.223400e+03 
3.934826e+00 1.224643e+03 
1.433565e+01 1.227290e+03 
1.731848e+01 1.228685e+03 
1.955845e+01 1.230383e+03 
2.092250e+01 1.232338e+03 
2.161015e+01 1.233999e+03 
2.185444e+01 1.236998e+03 
2.158865e+01 1.239618e+03 
2.048024e+01 1.242892e+03 
1.822983e+01 1.246575e+03 
1.642279e+01 1.249062e+03 
1.487076e+01 1.251445e+03 
1.380660e+01 1.253846e+03 
1.345202e+01 1.255782e+03 
1.354104e+01 1.258364e+03 
1.380726e+01 1.259284e+03 
1.470565e+01 1.261439e+03 
1.615841e+01 1.263422e+03 
1.856472e+01 1.265197e+03 
2.108185e+01 1.266554e+03 
2.484079e+01 1.267531e+03 
3.048467e+01 1.268403e+03 
3.397753e+01 1.269608e+03 
3.680517e+01 1.271297e+03 
3.887890e+01 1.273632e+03 
4.002124e+01 1.275862e+03 
4.107490e+01 1.278377e+03 
4.174055e+01 1.281348e+03 
4.260734e+01 1.296922e+03 
4.415211e+01 1.324930e+03 
4.478465e+01 1.329021e+03 
4.551677e+01 1.331526e+03 
4.657044e+01 1.333956e+03 
4.765729e+01 1.335721e+03 
4.915438e+01 1.337382e+03 
5.072899e+01 1.338302e+03 
5.205961e+01 1.338777e+03 
5.486489e+01 1.338976e+03 
5.688285e+01 1.338624e+03 
5.869007e+01 1.337722e+03 
5.988745e+01 1.336773e+03 
6.124001e+01 1.335444e+03 
6.282528e+01 1.332976e+03 
6.400019e+01 1.329797e+03 
6.476473e+01 1.325639e+03 
7.358454e+01 1.276086e+03 
8.032169e+01 1.240285e+03 
8.251618e+01 1.232511e+03 
8.426751e+01 1.227747e+03 
8.485505e+01 1.226636e+03 
8.654014e+01 1.224311e+03 
8.822533e+01 1.222744e+03 
8.922316e+01 1.221994e+03 
9.014339e+01 1.221377e+03 
9.165127e+01 1.220722e+03 
9.348073e+01 1.220219e+03 
9.587573e+01 1.220266e+03 
9.743918e+01 1.220627e+03 
9.872545e+01 1.221196e+03 
9.991195e+01 1.221946e+03 
1.010763e+02 1.223009e+03 
1.019746e+02 1.224366e+03 
1.026400e+02 1.225789e+03 
1.029728e+02 1.227137e+03 
1.029510e+02 1.229671e+03 
1.024744e+02 1.231740e+03 
1.019867e+02 1.233306e+03 
9.993597e+01 1.237520e+03 
9.913782e+01 1.239001e+03 
9.857248e+01 1.240245e+03 
9.822887e+01 1.241251e+03 
9.800722e+01 1.242181e+03 
9.798522e+01 1.243642e+03 
9.818495e+01 1.244848e+03 
9.865077e+01 1.245873e+03 
9.941595e+01 1.246793e+03 
1.007467e+02 1.248482e+03 
1.058472e+02 1.249099e+03 
1.115685e+02 1.248073e+03 
1.225895e+02 1.243972e+03 
1.291201e+02 1.242538e+03 
1.391325e+02 1.242536e+03 
1.485245e+02 1.246019e+03 
1.582715e+02 1.251864e+03 
1.617757e+02 1.254844e+03 
1.642486e+02 1.257406e+03 
1.666440e+02 1.260481e+03 
1.684627e+02 1.263479e+03 
1.699156e+02 1.266535e+03 
1.708584e+02 1.269155e+03 
1.717569e+02 1.272230e+03 
1.723894e+02 1.276055e+03 
1.724124e+02 1.282537e+03 
1.713935e+02 1.291876e+03 
1.694879e+02 1.304727e+03 
1.696442e+02 1.312775e+03 
1.702212e+02 1.316391e+03 
1.716521e+02 1.320804e+03 
1.741032e+02 1.326138e+03 
1.779848e+02 1.331889e+03 
1.814114e+02 1.335429e+03 
1.855477e+02 1.338807e+03 
1.895286e+02 1.341426e+03 
1.940194e+02 1.343219e+03 
1.991755e+02 1.344196e+03 
2.038657e+02 1.344300e+03 
2.085115e+02 1.343834e+03 
2.230142e+02 1.341165e+03 
2.248991e+02 1.340909e+03 
2.269392e+02 1.340187e+03 
2.326605e+02 1.339370e+03 
2.371510e+02 1.338544e+03 
2.828755e+02 4.380714e+02 
-5.926013e+01 1.184655e+03 
-1.421664e+02 1.170560e+03 
1.884376e+02 1.392725e+03 
-5.699539e+01 1.313223e+03 
7.004651e+01 1.516200e+03 
-6.620938e+01 6.676650e+02 
3.130563e+02 1.233330e+03 
-6.658369e+01 1.322714e+03 
-1.451320e+02 1.124917e+03 
-6.658369e+01 1.322714e+03 
-1.451320e+02 1.124917e+03 
8.738795e+01 1.077819e+03 
8.578964e+01 1.079257e+03 
8.498687e+01 1.081257e+03 
8.514441e+01 1.083407e+03 
8.622990e+01 1.085267e+03 
8.814333e+01 1.086498e+03 
9.040728e+01 1.086692e+03 
9.250071e+01 1.085805e+03 
9.218136e+01 1.085940e+03 
9.394180e+01 1.084039e+03 
9.439888e+01 1.081803e+03 
9.376675e+01 1.079610e+03 
9.256842e+01 1.078230e+03 
9.094057e+01 1.077408e+03 
8.912413e+01 1.077263e+03 
3.445242e+02 4.031259e+02 
3.585659e+02 4.028767e+02 
3.598458e+02 3.883660e+02 
3.541955e+02 3.704660e+02 
2.985986e+02 3.682364e+02 
3.714875e+02 4.264341e+02 
3.852902e+02 5.143543e+02 
2.614502e+02 4.938096e+02 
2.683532e+02 5.077606e+02 
2.837842e+02 5.389460e+02 
3.142789e+02 5.231810e+02 
