447.21 197.481 452.074 187.635 516.9 232.8 523.1 223.4 1 2 3 -4 -5 -6 0
516.9 232.8 513.7 244.1 447.21 197.481 442.568 206.879 7 8 9 -10 -11 -12 0
537.08 243.158 540.5 231.9 644.367 298.02 651.1 287.1 13 14 15 -16 -17 -18 0
644.367 298.02 642.1 307.9 537.08 243.158 531.5 252 19 20 -21 -22 0 0 0
687.471 319.729 690.883 313.014 829.296 391.607 832.577 385.152 23 24 -25 -26 0 0 0
829.296 391.607 824.8 400.1 687.471 319.729 681.7 327.7 27 28 -29 -30 0 0 0
868.3 405.5 1159.1 386.0 868.3 480.2 1158 480.2 31 -32 0 0 0 0 0
868.3 405.5 1159.1 386.0 868.3 480.2 1158 480.2 33 -34 -35 0 0 0 0
778 151.4 781 147 940.8 249.1 946.5 242.1 36 -37 -38 -39 0 0 0
940.8 249.1 938.8 255.344 779 151 775.4 157.5 40 -41 -42 0 0 0 0
983.3 269.4 985.8 264.2 1154 372.9 1159.1 367.786 43 -44 -45 0 0 0 0
1155.09 377.54 977 276.6 1154.03 372.982 983.3 269.4 46 -47 -48 -49 0 0 0
780.5 137.7 775.9 135.5 883.1 -9.62 878.5 -14.8 50 -51 -52 0 0 0 0
883.1 -9.62 887 -7.645 780.5 137.7 786.1 143.8 53 -54 -55 0 0 0 0
866.9 384.1 857.7 378.4 946.802 280.297 939.8 269.3 56 57 58 -59 -60 -61 0
946.802 280.297 955.113 286.696 866.9 384.1 875.4 391.6 62 63 64 -65 -66 -67 0
1181.17 374.409 1179 371.896 1322.56 254.33 1319.6 250.893 68 -69 0 0 0 0 0
1322.56 254.33 1327.03 257.408 1181.17 374.409 1185.69 379.192 70 -71 -72 0 0 0 0
725.6 -120.4 727.3 -126.4 876.8 -30.25 881.2 -35.27 73 -74 -75 0 0 0 0
876.8 -30.25 875.1 -26.03 725.6 -120.4 722.1 -116.6 76 -77 0 0 0 0 0
906.356 -15.0645 908.289 -18.3412 1060 79.16 1066.3 71.7184 78 -79 -80 -81 0 0 0
1060 79.16 1058 83.96 906.356 -15.0645 903.568 -10.3402 82 -83 -84 0 0 0 0
899.2 -36.89 896.1 -38.79 1015 -202.7 1011 -207.5 85 -86 -87 0 0 0 0
1015 -202.7 1019 -201.7 899.2 -36.89 904.304 -33.09 88 -89 -90 0 0 0 0
1097.06 69.8755 1086 63.01 1202 -86.58 1193.14 -95.0211 91 92 93 -94 -95 -96 0
1202 -86.58 1215 -78.82 1096 69.28 1106 77.19 97 98 99 -100 -101 -102 0
978.185 238.152 967.7 231.4 1069.19 108.991 1059 100.6 103 104 105 -106 -107 -108 0
1069.19 108.991 1077.59 114.922 978.185 238.152 986.564 244.067 109 110 111 -112 -113 -114 0
295.5 438.5 283.3 434.5 432.2 208.2 422.4 200.3 115 116 117 -118 -119 -120 0
555.2 38.85 562.743 46.9458 445.6 167.7 457.682 174.63 121 122 123 -124 -125 -126 0
697.2 -124.626 706.13 -116.589 610.6 -24.8889 618.6 -16.844 127 128 129 -130 -131 -132 0
1613.0 -47.22 1716.0 -156.5 1621.0 -41.41 1726.0 -146.8 133 -135 -136 0 0 0 0
1627.0 -33.92 1620.5 -40.0 1734.0 -144.5 1726.0 -146.8 138 139 -140 -141 0 0 0
1045 -220.3 1054 -235.8 1202 -124.7 1215 -140.8 142 143 144 -145 -146 -147 -148
1191 -108 1033 -207 1202 -122.6 1045 -219.1 149 150 151 -152 -153 -154 0
1743 -167.7 1736 -172.2 1860 -285.6 1855 -295.3 155 -156 0 0 0 0 0
1865 -279.3 1749 -160.6 1860 -285.6 1742.5 -167.7 157 -158 -159 0 0 0 0
678.7 286.1 674.1 284.8 765.2 164.1 759.6 159.5 160 -161 -162 0 0 0 0
768.1 165.8 684 290.2 765.2 164.1 678.7 286.1 163 -164 -165 0 0 0 0
1107 101.8 1108 96.57 1318 230.9 1322 225.9 166 -167 -168 0 0 0 0
1317 234.6 1102 111.4 1318 230.9 1107 101.8 169 -170 -171 -172 0 0 0
587.9 39.92 589.6 35.15 758.8 142.8 764.8 137.7 173 -174 -175 0 0 0 0
582.7 45.13 587.9 39.92 757 146.9 758.8 142.8 176 -177 -178 0 0 0 0
1346 232.2 1343 229 1605 -25.42 1600 -31.64 179 -180 0 0 0 0 0
1614 -22.08 1352 237.8 1605 -25.42 1346 232.2 181 -182 -183 0 0 0 0
405.9 359.6 520 366.8 405.9 389 519.6 389 184 -185 0 0 0 0 0
435.2 305.6 439.6 298.2 514.8 345.7 518.8 337.8 188 -189 0 0 0 0 0