2 6 3 4 5 2 
7 11 8 9 10 7 
12 13 
36 23 
40 41 
26 27 
17 28 
24 16 
137 552 136 135 14 
12 131 130 
553 133 
33 124 
130 551 138 137 
14 134 
134 555 33 
33 553 
13 14 
124 34 
35 56 120 
121 35 
94 36 
84 60 37 
37 38 
39 71 16 
16 40 
41 17 
64 17 
42 86 
28 43 
145 80 
86 44 
45 126 
80 46 
126 47 
47 550 
125 32 
15 24 
24 25 
25 26 
27 48 
104 103 102 101 98 
109 108 107 106 105 104 
23 15 
48 21 
125 139 549 548 130 
133 132 12 
555 556 
553 122 
46 127 45 
43 42 
550 125 
531 532 533 534 535 536 537 539 538 540 541 542 543 544 545 531 
65 64 
66 143 88 
67 66 
88 142 65 
79 141 67 
69 50 140 79 
70 69 
123 54 70 
18 39 
535 51 72 
38 49 542 
74 59 84 
75 74 
120 55 75 
76 79 
77 76 
84 62 77 
78 81 
79 78 
81 80 
82 83 
83 58 84 
100 82 
85 86 
88 87 
91 89 
89 88 
93 92 
95 94 
531 91 
92 150 539 
94 93 
96 97 95 
100 96 
99 100 
119 118 117 115 116 114 113 112 111 110 109 
120 57 119 
123 53 121 
122 124 
34 52 123 
126 122 
44 145 
87 85 
98 99 
87 85 
146 147 148 149 
