-120182
98 99 100 101 102 103 104 297 300 302 330 332 0 
-120183
297 300 0 
-120184
302 303 326 333 0 
-120185
148 149 150 345 347 348 0 
-120186
125 126 127 128 129 130 131 0 
-120187
148 149 150 0 
-120188
0 
-120189
148 149 150 222 293 345 347 348 0 
-120452
297 298 299 300 309 310 0 
-120502
98 99 100 101 102 103 104 297 300 301 304 326 330 331 332 333 342 0 
-120506
321 325 327 328 329 0 
-121072
151 161 162 163 281 282 283 285 286 316 324 334 335 336 338 0 
-121134
98 99 100 102 103 104 297 300 301 0 
-121140
15 16 17 299 305 306 308 309 310 311 312 313 314 319 0 
-121145
7 8 9 10 11 12 13 14 15 16 17 306 307 308 311 312 313 314 315 316 317 318 319 324 335 0 
-121162
316 320 321 322 323 324 336 0 
-121177
298 299 302 309 310 0 
-121372
7 8 9 10 11 12 13 14 15 16 17 152 153 154 160 161 162 163 281 282 283 284 285 286 287 288 315 317 334 338 344 0 
-121458
18 19 20 21 22 23 24 25 164 165 166 167 175 176 201 202 0 
-121478
18 19 20 21 22 23 24 25 0 
-121510
148 149 150 206 259 271 272 345 347 348 0 
-121526
84 85 86 87 88 89 90 91 92 93 94 95 96 97 179 180 186 187 188 197 198 199 236 237 238 239 240 241 0 
-121533
84 85 86 87 88 89 90 91 92 93 94 95 96 97 0 
-121582
70 71 72 73 74 75 76 77 78 79 80 81 82 83 222 223 293 0 
-121592
125 126 127 128 129 130 131 223 0 
-121598
125 126 127 128 129 130 131 248 0 
-121617
68 69 248 0 
-121636
0 
-121638
0 
-121732
273 274 275 276 277 278 279 280 0 
-121737
112 113 114 115 116 117 118 211 212 0 
-121798
105 106 107 108 109 110 111 155 242 243 244 245 0 
-121802
105 106 107 108 109 110 111 267 268 269 0 
-121823
98 99 100 101 102 103 104 156 242 243 244 0 
-121850
98 99 100 101 102 103 104 0 
-121889
98 99 100 102 103 104 0 
-121919
148 149 150 345 347 348 0 
-121922
148 149 150 345 346 347 348 0 
-121937
148 149 150 346 0 
-121941
119 120 121 122 123 124 247 270 294 0 
-122231
26 27 28 0 
-122236
26 27 28 0 
-122257
148 149 150 345 347 348 0 
-122952
119 120 121 122 123 124 0 
739480
98 99 100 102 103 104 301 331 339 340 341 342 343 0 
739481
303 325 326 327 333 0 
739482
305 306 307 308 311 312 313 314 318 319 0 
739483
4 5 6 321 322 323 328 329 336 337 0 
739485
105 106 107 108 109 110 111 0 
739487
0 
739489
98 99 100 101 102 103 104 296 339 0 
739490
214 215 226 227 228 232 233 234 261 262 0 
626870018
68 69 0 
626870019
39 40 41 42 190 191 209 210 217 218 221 0 
626870020
39 40 41 42 0 
626870021
68 69 210 218 219 220 221 0 
626870022
39 40 41 42 181 183 192 193 194 253 265 266 0 
626870023
135 136 137 138 182 183 194 251 252 253 264 266 0 
626870024
135 136 137 138 0 
626870025
135 136 137 138 157 158 159 168 169 170 254 255 256 257 289 290 291 292 0 
626870027
70 71 72 73 74 75 76 77 78 79 80 81 82 83 0 
626870028
70 71 72 73 74 75 76 77 78 79 80 81 82 83 214 215 216 224 225 226 227 228 229 232 234 260 261 262 0 
626870029
84 85 86 87 88 89 90 91 92 93 94 95 96 97 213 214 215 226 227 228 230 231 232 233 234 235 261 262 263 0 
626870030
43 44 45 46 47 48 49 50 51 52 53 54 55 56 177 178 179 188 189 195 196 197 198 199 200 238 239 240 0 
626870031
43 44 45 46 47 48 49 50 51 52 53 54 55 56 0 
626870032
26 28 43 44 45 46 47 48 49 50 51 52 53 54 55 56 164 165 166 167 173 174 175 176 201 202 203 204 0 
626870033
29 30 31 32 33 181 182 183 193 194 251 253 0 
626870034
29 30 31 32 33 0 
626870035
29 30 31 32 33 177 178 179 180 188 197 198 199 200 236 238 239 240 0 
626870036
144 145 146 147 0 
626870037
144 145 146 147 183 192 194 252 253 264 265 266 0 
626870038
144 145 146 147 267 268 269 273 274 275 276 277 278 279 280 0 
626870039
34 35 36 37 38 0 
626870040
34 35 36 37 38 179 186 187 188 189 195 197 198 199 238 239 240 241 0 
626870041
34 35 36 37 38 171 172 184 185 207 208 0 
626870042
60 61 62 211 212 0 
626870043
60 61 62 191 209 210 218 219 221 0 
626870044
63 64 65 66 67 0 
626870045
63 64 65 66 67 190 210 217 218 220 221 0 
626870046
139 140 141 142 143 0 
626870048
57 58 59 205 206 258 272 0 
626870050
63 64 65 66 67 213 214 215 216 224 226 227 232 233 234 235 261 262 0 
626870051
139 140 141 142 143 214 215 226 227 228 229 230 234 260 261 262 263 0 
626870052
139 140 141 142 143 205 206 258 259 271 272 0 
626870053
57 58 59 0 
626870054
57 58 59 172 185 207 208 0 
626870055
26 27 28 171 172 184 208 0 
626870056
26 27 28 0 
626870057
26 27 28 167 173 174 175 176 204 0 
626870058
18 19 20 21 22 23 24 25 157 158 168 169 170 256 257 289 290 291 292 0 
626870059
1 4 5 6 151 152 153 154 163 281 285 286 287 288 338 0 
626870060
7 8 9 10 11 12 13 14 15 16 17 157 158 159 169 170 254 255 289 290 291 292 0 
626870061
1 2 3 4 5 6 155 156 242 243 244 0 
626870062
112 113 114 115 116 117 118 0 
626905444
60 61 62 0 
627086530
26 27 28 0 
627086531
60 61 62 0 
627092208
302 311 312 315 325 327 0 
